123 456
Before FFT
(3,0)(2,0)(1,0)(0,0)(0,0)(0,0)(0,0)(0,0)
(6,0)(5,0)(4,0)(0,0)(0,0)(0,0)(0,0)(0,0)
After FFT
(6,0)(4.41421,2.41421)(2,2)(1.58579,0.414214)(2,0)(1.58579,-0.414214)(2,-2)(4.41421,-2.41421)
(15,0)(9.53553,7.53553)(2,5)(2.46447,-0.464466)(5,0)(2.46447,0.464466)(2,-5)(9.53553,-7.53553)
Times:
(90,0)(23.8995,56.2843)(-6,14)(4.10051,0.284271)(10,0)(4.10051,-0.284271)(-6,-14)(23.8995,-56.2843)
Result:
(6,0)(4.41421,-2.41421)(2,-2)(1.58579,-0.414214)(2,0)(1.58579,0.414214)(2,2)(4.41421,2.41421)
Result: 11000001
Result is:
123 re 456=10000011