123 456
Before FFT
(3,0)(2,0)(1,0)(0,0)(0,0)(0,0)(0,0)(0,0)
(6,0)(5,0)(4,0)(0,0)(0,0)(0,0)(0,0)(0,0)
After FFT
(6,0)(4.41421,2.41421)(2,2)(1.58579,0.414214)(2,0)(1.58579,-0.414214)(2,-2)(4.41421,-2.41421)
(15,0)(9.53553,7.53553)(2,5)(2.46447,-0.464466)(5,0)(2.46447,0.464466)(2,-5)(9.53553,-7.53553)
After times:
(90,0)(23.8995,56.2843)(-6,14)(4.10051,0.284271)(10,0)(4.10051,-0.284271)(-6,-14)(23.8995,-56.2843)
Result:
(144,-7.10543e-15)(216,-4.50274e-15)(224,1.42109e-14)(104,2.5819e-14)(32,2.13163e-14)(0,-4.50274e-15)(0,-2.84217e-14)(-7.10543e-15,-1.68135e-14)
Result: 56088
